86280046
  -OEChem-03042511272D

 78 86  0     0  0  0  0  0  0999 V2000
    4.6702    0.0060    0.0000 N   0  0  0  0  0  0  0  0  0  0  0  0
    7.6754    0.0060    0.0000 N   0  0  0  0  0  0  0  0  0  0  0  0
    6.1736   -1.3635    0.0000 N   0  0  0  0  0  0  0  0  0  0  0  0
    6.1402    1.3755    0.0000 N   0  0  0  0  0  0  0  0  0  0  0  0
    4.1027   -0.7624    0.0000 C   0  0  0  0  0  0  0  0  0  0  0  0
    4.1027    0.7745    0.0000 C   0  0  0  0  0  0  0  0  0  0  0  0
    8.2764   -0.7289    0.0000 C   0  0  0  0  0  0  0  0  0  0  0  0
    8.2430    0.8080    0.0000 C   0  0  0  0  0  0  0  0  0  0  0  0
    4.4040   -1.6966    0.0000 C   0  0  0  0  0  0  0  0  0  0  0  0
    4.3705    1.7422    0.0000 C   0  0  0  0  0  0  0  0  0  0  0  0
    7.9768   -1.6966    0.0000 C   0  0  0  0  0  0  0  0  0  0  0  0
    7.9433    1.7422    0.0000 C   0  0  0  0  0  0  0  0  0  0  0  0
    5.3717   -1.9980    0.0000 C   0  0  0  0  0  0  0  0  0  0  0  0
    5.3382    2.0100    0.0000 C   0  0  0  0  0  0  0  0  0  0  0  0
    6.9756   -1.9645    0.0000 C   0  0  0  0  0  0  0  0  0  0  0  0
    6.9756    2.0435    0.0000 C   0  0  0  0  0  0  0  0  0  0  0  0
    3.1350   -0.4945    0.0000 C   0  0  0  0  0  0  0  0  0  0  0  0
    3.1350    0.5066    0.0000 C   0  0  0  0  0  0  0  0  0  0  0  0
    9.2123   -0.4611    0.0000 C   0  0  0  0  0  0  0  0  0  0  0  0
    9.2123    0.5401    0.0000 C   0  0  0  0  0  0  0  0  0  0  0  0
    3.7333   -2.4383    0.0000 C   0  0  0  0  0  0  0  0  0  0  0  0
    3.6693    2.4551    0.0000 C   0  0  0  0  0  0  0  0  0  0  0  0
    8.6836   -2.4040    0.0000 C   0  0  0  0  0  0  0  0  0  0  0  0
    8.6782    2.4204    0.0000 C   0  0  0  0  0  0  0  0  0  0  0  0
    5.6731   -2.9322    0.0000 C   0  0  0  0  0  0  0  0  0  0  0  0
    5.6396    2.9777    0.0000 C   0  0  0  0  0  0  0  0  0  0  0  0
    6.6742   -2.9322    0.0000 C   0  0  0  0  0  0  0  0  0  0  0  0
    6.6408    2.9777    0.0000 C   0  0  0  0  0  0  0  0  0  0  0  0
    2.7556   -2.2283    0.0000 C   0  0  0  0  0  0  0  0  0  0  0  0
    3.9360    3.4188    0.0000 C   0  0  0  0  0  0  0  0  0  0  0  0
    4.0403   -3.3900    0.0000 C   0  0  0  0  0  0  0  0  0  0  0  0
    2.7012    2.2042    0.0000 C   0  0  0  0  0  0  0  0  0  0  0  0
    8.4245   -3.3698    0.0000 C   0  0  0  0  0  0  0  0  0  0  0  0
    9.6329    2.1231    0.0000 C   0  0  0  0  0  0  0  0  0  0  0  0
    9.6496   -2.1455    0.0000 C   0  0  0  0  0  0  0  0  0  0  0  0
    8.4582    3.3959    0.0000 C   0  0  0  0  0  0  0  0  0  0  0  0
    2.0849   -2.9700    0.0000 C   0  0  0  0  0  0  0  0  0  0  0  0
    3.2348    4.1318    0.0000 C   0  0  0  0  0  0  0  0  0  0  0  0
    3.3696   -4.1318    0.0000 C   0  0  0  0  0  0  0  0  0  0  0  0
    2.0000    2.9172    0.0000 C   0  0  0  0  0  0  0  0  0  0  0  0
    9.1314   -4.0771    0.0000 C   0  0  0  0  0  0  0  0  0  0  0  0
   10.3678    2.8013    0.0000 C   0  0  0  0  0  0  0  0  0  0  0  0
   10.3565   -2.8528    0.0000 C   0  0  0  0  0  0  0  0  0  0  0  0
    9.1931    4.0741    0.0000 C   0  0  0  0  0  0  0  0  0  0  0  0
    2.3918   -3.9218    0.0000 C   0  0  0  0  0  0  0  0  0  0  0  0
    2.2668    3.8809    0.0000 C   0  0  0  0  0  0  0  0  0  0  0  0
   10.0974   -3.8186    0.0000 C   0  0  0  0  0  0  0  0  0  0  0  0
   10.1479    3.7768    0.0000 C   0  0  0  0  0  0  0  0  0  0  0  0
    5.2902    0.0060    0.0000 H   0  0  0  0  0  0  0  0  0  0  0  0
    7.0558   -0.0155    0.0000 H   0  0  0  0  0  0  0  0  0  0  0  0
    2.6415   -0.8699    0.0000 H   0  0  0  0  0  0  0  0  0  0  0  0
    2.6415    0.8820    0.0000 H   0  0  0  0  0  0  0  0  0  0  0  0
    9.7074   -0.8343    0.0000 H   0  0  0  0  0  0  0  0  0  0  0  0
    9.7057    0.9156    0.0000 H   0  0  0  0  0  0  0  0  0  0  0  0
    5.3081   -3.4334    0.0000 H   0  0  0  0  0  0  0  0  0  0  0  0
    5.2721    3.4771    0.0000 H   0  0  0  0  0  0  0  0  0  0  0  0
    7.0417   -3.4315    0.0000 H   0  0  0  0  0  0  0  0  0  0  0  0
    6.9976    3.4847    0.0000 H   0  0  0  0  0  0  0  0  0  0  0  0
    2.5653   -1.6383    0.0000 H   0  0  0  0  0  0  0  0  0  0  0  0
    4.5362    3.5744    0.0000 H   0  0  0  0  0  0  0  0  0  0  0  0
    4.6464   -3.5203    0.0000 H   0  0  0  0  0  0  0  0  0  0  0  0
    2.5358    1.6067    0.0000 H   0  0  0  0  0  0  0  0  0  0  0  0
    7.8256   -3.5301    0.0000 H   0  0  0  0  0  0  0  0  0  0  0  0
    9.7693    1.5183    0.0000 H   0  0  0  0  0  0  0  0  0  0  0  0
    9.8103   -1.5466    0.0000 H   0  0  0  0  0  0  0  0  0  0  0  0
    7.8663    3.5802    0.0000 H   0  0  0  0  0  0  0  0  0  0  0  0
    1.4787   -2.8398    0.0000 H   0  0  0  0  0  0  0  0  0  0  0  0
    3.4002    4.7293    0.0000 H   0  0  0  0  0  0  0  0  0  0  0  0
    3.5599   -4.7218    0.0000 H   0  0  0  0  0  0  0  0  0  0  0  0
    1.3998    2.7616    0.0000 H   0  0  0  0  0  0  0  0  0  0  0  0
    8.9707   -4.6760    0.0000 H   0  0  0  0  0  0  0  0  0  0  0  0
   10.9598    2.6170    0.0000 H   0  0  0  0  0  0  0  0  0  0  0  0
   10.9555   -2.6925    0.0000 H   0  0  0  0  0  0  0  0  0  0  0  0
    9.0568    4.6789    0.0000 H   0  0  0  0  0  0  0  0  0  0  0  0
    1.9760   -4.3816    0.0000 H   0  0  0  0  0  0  0  0  0  0  0  0
    1.8320    4.3229    0.0000 H   0  0  0  0  0  0  0  0  0  0  0  0
   10.5357   -4.2572    0.0000 H   0  0  0  0  0  0  0  0  0  0  0  0
   10.6035    4.1973    0.0000 H   0  0  0  0  0  0  0  0  0  0  0  0
  1  5  1  0  0  0  0
  1  6  1  0  0  0  0
  1 49  1  0  0  0  0
  2  7  1  0  0  0  0
  2  8  1  0  0  0  0
  2 50  1  0  0  0  0
  3 13  2  0  0  0  0
  3 15  1  0  0  0  0
  4 14  2  0  0  0  0
  4 16  1  0  0  0  0
  5  9  2  0  0  0  0
  5 17  1  0  0  0  0
  6 10  2  0  0  0  0
  6 18  1  0  0  0  0
  7 11  1  0  0  0  0
  7 19  2  0  0  0  0
  8 12  1  0  0  0  0
  8 20  2  0  0  0  0
  9 13  1  0  0  0  0
  9 21  1  0  0  0  0
 10 14  1  0  0  0  0
 10 22  1  0  0  0  0
 11 15  2  0  0  0  0
 11 23  1  0  0  0  0
 12 16  2  0  0  0  0
 12 24  1  0  0  0  0
 13 25  1  0  0  0  0
 14 26  1  0  0  0  0
 15 27  1  0  0  0  0
 16 28  1  0  0  0  0
 17 18  2  0  0  0  0
 17 51  1  0  0  0  0
 18 52  1  0  0  0  0
 19 20  1  0  0  0  0
 19 53  1  0  0  0  0
 20 54  1  0  0  0  0
 21 29  2  0  0  0  0
 21 31  1  0  0  0  0
 22 30  2  0  0  0  0
 22 32  1  0  0  0  0
 23 33  2  0  0  0  0
 23 35  1  0  0  0  0
 24 34  2  0  0  0  0
 24 36  1  0  0  0  0
 25 27  2  0  0  0  0
 25 55  1  0  0  0  0
 26 28  2  0  0  0  0
 26 56  1  0  0  0  0
 27 57  1  0  0  0  0
 28 58  1  0  0  0  0
 29 37  1  0  0  0  0
 29 59  1  0  0  0  0
 30 38  1  0  0  0  0
 30 60  1  0  0  0  0
 31 39  2  0  0  0  0
 31 61  1  0  0  0  0
 32 40  2  0  0  0  0
 32 62  1  0  0  0  0
 33 41  1  0  0  0  0
 33 63  1  0  0  0  0
 34 42  1  0  0  0  0
 34 64  1  0  0  0  0
 35 43  2  0  0  0  0
 35 65  1  0  0  0  0
 36 44  2  0  0  0  0
 36 66  1  0  0  0  0
 37 45  2  0  0  0  0
 37 67  1  0  0  0  0
 38 46  2  0  0  0  0
 38 68  1  0  0  0  0
 39 45  1  0  0  0  0
 39 69  1  0  0  0  0
 40 46  1  0  0  0  0
 40 70  1  0  0  0  0
 41 47  2  0  0  0  0
 41 71  1  0  0  0  0
 42 48  2  0  0  0  0
 42 72  1  0  0  0  0
 43 47  1  0  0  0  0
 43 73  1  0  0  0  0
 44 48  1  0  0  0  0
 44 74  1  0  0  0  0
 45 75  1  0  0  0  0
 46 76  1  0  0  0  0
 47 77  1  0  0  0  0
 48 78  1  0  0  0  0
M  END
> <PUBCHEM_COMPOUND_CID>
86280046

> <PUBCHEM_COMPOUND_CANONICALIZED>
1

> <PUBCHEM_CACTVS_COMPLEXITY>
851

> <PUBCHEM_CACTVS_HBOND_ACCEPTOR>
2

> <PUBCHEM_CACTVS_HBOND_DONOR>
2

> <PUBCHEM_CACTVS_ROTATABLE_BOND>
4

> <PUBCHEM_CACTVS_SUBSKEYS>
AAADceB/gAAAAAAAAAAAAAAAAAAAAWLFiwAwYMGAAAAAAAAB/gAAHAAQAAAADAiBHgAwwLLJkACgAyRiRACCgCAhAiAImSAwZJgIIOLA0dGEJAhgkADIyAcQgMAOgAAAAAAAAAAAAAAAAAAAAAAAAAAAAA==

> <PUBCHEM_IUPAC_OPENEYE_NAME>
5,10,15,20-tetraphenyl-21,23-dihydroporphyrin

> <PUBCHEM_IUPAC_CAS_NAME>
5,10,15,20-tetraphenyl-21,23-dihydroporphyrin

> <PUBCHEM_IUPAC_NAME_MARKUP>
5,10,15,20-tetraphenyl-21,23-dihydroporphyrin

> <PUBCHEM_IUPAC_NAME>
5,10,15,20-tetraphenyl-21,23-dihydroporphyrin

> <PUBCHEM_IUPAC_SYSTEMATIC_NAME>
5,10,15,20-tetraphenyl-21,23-dihydroporphyrin

> <PUBCHEM_IUPAC_TRADITIONAL_NAME>
5,10,15,20-tetraphenyl-21,23-dihydroporphine

> <PUBCHEM_IUPAC_INCHI>
InChI=1S/C44H30N4/c1-5-13-29(14-6-1)41-33-21-23-35(45-33)42(30-15-7-2-8-16-30)37-25-27-39(47-37)44(32-19-11-4-12-20-32)40-28-26-38(48-40)43(31-17-9-3-10-18-31)36-24-22-34(41)46-36/h1-28,45,48H

> <PUBCHEM_IUPAC_INCHIKEY>
YNHJECZULSZAQK-UHFFFAOYSA-N

> <PUBCHEM_XLOGP3_AA>
10.4

> <PUBCHEM_EXACT_MASS>
614.24704697

> <PUBCHEM_MOLECULAR_FORMULA>
C44H30N4

> <PUBCHEM_MOLECULAR_WEIGHT>
614.7

> <PUBCHEM_SMILES>
C1=CC=C(C=C1)C2=C3C=CC(=C(C4=NC(=C(C5=CC=C(N5)C(=C6C=CC2=N6)C7=CC=CC=C7)C8=CC=CC=C8)C=C4)C9=CC=CC=C9)N3

> <PUBCHEM_OPENEYE_CAN_SMILES>
C1=CC=C(C=C1)C2=C3C=CC(=C(C4=NC(=C(C5=CC=C(N5)C(=C6C=CC2=N6)C7=CC=CC=C7)C8=CC=CC=C8)C=C4)C9=CC=CC=C9)N3

> <PUBCHEM_OPENEYE_ISO_SMILES>
C1=CC=C(C=C1)C2=C3C=CC(=C(C4=NC(=C(C5=CC=C(N5)C(=C6C=CC2=N6)C7=CC=CC=C7)C8=CC=CC=C8)C=C4)C9=CC=CC=C9)N3

> <PUBCHEM_CACTVS_TPSA>
57.4

> <PUBCHEM_MONOISOTOPIC_WEIGHT>
614.24704697

> <PUBCHEM_TOTAL_CHARGE>
0

> <PUBCHEM_HEAVY_ATOM_COUNT>
48

> <PUBCHEM_ATOM_DEF_STEREO_COUNT>
0

> <PUBCHEM_ATOM_UDEF_STEREO_COUNT>
0

> <PUBCHEM_BOND_DEF_STEREO_COUNT>
0

> <PUBCHEM_BOND_UDEF_STEREO_COUNT>
0

> <PUBCHEM_ISOTOPIC_ATOM_COUNT>
0

> <PUBCHEM_COMPONENT_COUNT>
1

> <PUBCHEM_CACTVS_TAUTO_COUNT>
-1

> <PUBCHEM_COORDINATE_TYPE>
1
5
255

> <PUBCHEM_BONDANNOTATIONS>
1  5  8
1  6  8
10  14  8
11  15  8
12  16  8
17  18  8
19  20  8
2  7  8
2  8  8
21  29  8
21  31  8
22  30  8
22  32  8
23  33  8
23  35  8
24  34  8
24  36  8
29  37  8
3  13  8
3  15  8
30  38  8
31  39  8
32  40  8
33  41  8
34  42  8
35  43  8
36  44  8
37  45  8
38  46  8
39  45  8
4  14  8
4  16  8
40  46  8
41  47  8
42  48  8
43  47  8
44  48  8
5  17  8
5  9  8
6  10  8
6  18  8
7  11  8
7  19  8
8  12  8
8  20  8
9  13  8

$$$$
